1,0.34945,0.16088,0.80477,7.9767
1,1.2533,-0.081091,2.212,8.1196
1,0.5818,-1.2065,-0.62653,7.5084
1,-0.51314,-0.29277,-1.6913,1.3227
1,0.043139,0.37162,0.81489,6.4844
1,2.1714,-3.0017,-1.3569,2.0012
1,1.7404,-1.5669,0.046715,8.1139
1,0.13987,-0.0096382,0.060893,4.5401
1,-0.96926,2.051,2,6.5527
1,-0.44304,0.049093,-1.0094,1.6487
1,1.1671,-0.74342,0.69561,6.5928
1,-0.75005,0.87213,0.13457,7.6148
1,-0.29398,0.49546,0.51352,5.2938
1,-0.6092,0.77717,-0.031704,5.0113
1,-0.11851,0.10861,-0.071988,5.6574
1,-0.83165,-1.1701,-3.5166,-0.6057
1,1.7087,-2.6928,-1.5177,1.24
1,0.54747,-0.44846,0.1123,7.1075
1,-0.87542,0.99072,-0.19631,5.6462
1,-0.8933,1.6494,1.1384,5.4739
1,-0.87154,2.2549,2.2956,5.7974
1,-0.21469,0.475,0.33326,5.8631
1,-0.76128,0.20159,-0.97352,2.7777
1,-1.2259,1.745,0.98328,7.7897
1,-0.13042,0.17884,0.50069,6.6522
1,-0.37149,1.1261,0.57669,8.4719
1,0.92482,-1.8504,-2.0252,0.88499
1,0.27144,-0.61179,-0.35805,4.6007
1,-0.29957,-0.0070457,-0.76761,3.058
1,-0.24453,-0.67885,-1.8934,4.9248
1,0.8176,-1.1358,-0.76733,5.4272
1,-0.34626,0.84656,0.63434,8.0764
1,0.66567,-0.46808,0.13283,9.1718
1,-0.016105,-0.83608,-0.72101,5.5655
1,0.028197,0.32529,0.73361,9.8922
1,0.55817,0.1222,1.2782,6.6007
1,-0.49675,-0.092183,-1.2921,6.71
1,-0.93901,0.68523,-0.27485,3.4918
1,-0.97182,0.15212,-1.4644,2.556
1,-0.48712,1.4774,1.6668,9.2403
1,1.1346,-0.26621,1.3509,5.8348
1,0.59914,-0.468,0.11875,7.4042
1,-0.76595,0.336,-0.31022,2.7134
1,-0.28923,1.6323,1.9303,6.8395
1,1.642,-0.44944,1.5281,9.5529
1,0.67054,-0.94514,-0.75344,2.2244
1,1.2005,-0.40082,1.1463,7.1635
1,0.18321,0.37544,0.74368,7.5484
1,0.49084,-1.1551,-0.90218,5.4289
1,1.5435,-2.0521,-1.1934,2.5722
1,-1.2274,0.65594,-0.92166,5.1467
1,-0.021498,0.046818,0.29912,6.2128
1,0.74402,-0.70342,-0.30604,4.1209
1,-0.63739,0.79439,0.47764,7.5424
1,0.2762,-0.43678,-0.64433,4.498
1,-0.99845,1.7839,0.73652,6.0889
1,0.046684,-0.51453,-0.72425,2.3928
1,0.099929,-1.0731,-1.3495,5.2146
1,1.2587,-2.1001,-1.6279,5.1048
1,1.4225,-1.2059,0.61716,8.8247
1,-0.33985,-0.18261,-0.63131,3.937
1,-0.99858,0.94849,-0.57353,3.1642
1,0.64574,-1.5074,-1.3896,3.7569
1,0.8749,-1.7993,-1.5392,1.9044
1,-1.0449,-0.42816,-2.4748,-0.10125
1,1.7551,-1.3094,0.69922,4.205
1,1.3601,-0.9464,0.62635,4.5188
1,-0.8837,0.83289,-0.52993,6.9295
1,0.59483,-0.79934,-0.12939,4.0881
1,-0.56879,0.81234,0.18342,7.7138
1,-0.1103,0.91055,1.3038,9.2853
1,-1.7033,0.81028,-1.1082,1.0167
1,-0.48503,0.98951,0.71114,7.0661
1,0.5087,0.13359,0.57928,4.8005
1,-2.7552,2.262,-0.94309,4.7996
1,-0.0093942,-0.34153,-0.94701,6.3503
1,-0.053735,-0.51502,-0.69529,3.3977
1,0.27328,0.23188,0.36966,7.1423
1,1.3203,-1.0761,0.69492,6.4155
1,0.32786,-0.60477,-0.68948,6.1146
1,-1.2034,0.6874,-0.46358,6.4004
1,0.40621,0.22558,0.64682,6.4713
1,-0.19077,0.79891,0.74139,5.3402
1,-0.14525,0.15723,0.24158,4.283
1,1.1372,-0.74143,0.5387,5.1591
1,1.0523,-0.85397,0.46185,4.999
1,0.42829,-0.14049,0.35464,8.0411
1,0.37982,-0.44663,-0.28907,6.4214
1,-0.15198,0.17963,-0.1492,7.3147
1,-2.6789,2.7109,-0.23147,7.418
1,-0.8029,0.12503,-1.3118,4.8346
1,0.39021,-0.065797,0.53559,7.2069
1,1.725,-1.0365,1.1702,6.8777
1,0.3877,-0.11816,0.31713,6.6817
1,0.87226,-0.077514,1.2255,8.6674
1,1.1246,-1.1277,-0.095038,5.3615
1,-0.15066,0.33955,-0.11609,8.2394
1,-0.68869,0.24484,-1.1548,4.2049
1,-2.0934,1.589,-0.67731,5.4577
1,0.63229,0.053991,1.5953,7.9872
1,0.51933,-0.464,0.64093,7.4124
1,1.9436,-0.92255,1.599,8.7754
1,-0.442,0.58971,-0.49498,6.9365
1,0.75468,-0.13732,0.67592,4.6866
1,0.19333,-1.377,-1.7085,1.2814
1,-2.3242,1.955,-0.13691,3.8469
1,1.1203,-0.89731,0.40382,6.8475
1,-0.040644,-0.29625,-0.7938,2.3387
1,0.75837,-0.96415,0.4438,8.1934
1,-0.72238,0.24723,-0.30845,3.2933
1,-0.32076,0.18638,-0.031426,6.4393
1,-0.34501,-0.98013,-1.3566,4.5845
1,0.80878,-0.22855,0.55414,6.8957
1,-1.696,0.89088,-1.0434,4.9616
1,0.90806,-1.2724,-1.2536,4.9979
1,-0.046195,-0.26667,-0.51853,2.1553
1,1.4276,-1.522,-0.27015,6.9915
1,-1.1702,0.42816,-0.76641,5.1759
1,-0.59285,-0.906,-2.4474,-1.1482
1,1.292,0.071223,2.1208,6.9346
1,-0.80315,-0.36553,-1.9004,2.3865
1,-1.0758,0.65959,-0.37181,2.8812
1,-1.6741,2.2631,0.77212,5.7572
1,1.3609,-0.67411,0.62772,6.04
1,-1.9092,1.7931,-0.61285,8.0119
1,-0.28471,-0.24805,-0.82675,2.6308
1,1.0529,-1.4255,-1.3023,2.1258
1,1.5305,-1.3026,0.46143,7.1509
1,-0.74729,0.44041,-0.11906,3.1759
1,0.59389,-1.2462,-1.1365,3.0105
1,-1.1665,2.0257,1.4366,7.1829
1,1.2685,-1.0319,0.23355,4.4609
1,0.12767,-0.37899,-0.25942,4.4255
1,-1.5078,2.0617,1.447,7.4936
1,0.31664,-1.317,-1.1911,0.65744
1,-0.31374,0.49904,0.59192,5.9956
1,-1.0278,1.317,0.63666,7.0212
1,0.26314,0.5003,1.2142,7.1478
1,-1.5433,1.441,-0.71523,5.9522
1,2.4475,-2.835,-0.55571,2.3075
1,-0.69741,0.099439,-0.70217,2.4468
1,-0.21415,0.38953,0.10264,5.1387
1,-1.4145,0.91527,-0.76765,4.4214
1,0.58156,-0.21591,0.88739,9.3615
1,-1.2233,0.8544,-0.023724,2.7248
1,-1.1236,0.6456,-1.3085,0.68301
1,0.52654,-0.64811,-0.39348,5.6778
1,-1.302,1.9837,0.43638,8.5697
1,-0.90495,0.46766,-0.56264,6.2749
1,0.87163,0.33213,1.2954,7.7991
1,0.31965,0.25681,0.83786,7.8696
1,0.54034,-1.5119,-1.543,3.3852
1,-0.64377,-0.1876,-1.1909,3.8808
1,0.22528,-0.41075,-0.56301,1.5874
1,0.10692,-0.94172,-1.5,1.8121
1,-0.46797,0.43069,-0.33207,3.1243
1,-0.059764,-0.57136,-0.65537,2.8597
1,0.35371,-0.36392,-0.24771,3.7513
1,1.6668,-1.7228,-0.064501,3.8846
1,-1.9646,1.4441,-0.22497,4.5697
1,-0.27716,-0.32908,-1.1922,3.1179
1,0.72236,-1.133,-0.80482,2.1093
1,1.5838,-0.69086,1.3163,4.8789
1,-1.3197,1.5933,0.51266,7.4302
1,-0.026274,-0.17959,-0.28887,4.5296
1,0.25793,-0.10915,0.40626,4.0389
1,-0.43868,0.57184,-0.055642,4.565
1,0.32246,-0.47308,-0.53689,5.7934
1,1.3178,-0.071301,1.6612,6.1744
1,0.0043341,-0.090237,-0.074174,4.8312
1,0.44597,-1.6593,-1.7598,4.3346
1,0.071095,-0.29463,-0.33613,3.0208
1,-2.2745,1.9603,-0.73709,2.6069
1,0.52241,-1.0768,-0.9889,4.5698
1,0.22848,-0.30994,-0.21231,2.9054
1,-0.082978,-0.21972,-0.27575,6.8311
1,-1.6601,1.4139,0.071807,7.534
1,-0.32667,0.23161,-0.051123,7.2409
1,1.7404,-1.1037,1.3639,7.9052
1,0.84637,-0.95903,-0.51453,7.5377
1,-0.99048,0.56434,-1.0749,5.6163
1,-1.2476,0.97532,-0.30877,6.8657
1,-0.67035,0.58548,-0.30919,2.8259
1,0.16776,0.22183,0.34553,5.7641
1,0.248,-0.55207,-0.60279,4.2334
1,-0.66525,0.72176,0.44876,5.1164
1,-0.4114,0.99585,1.0523,3.1394
1,-1.0006,0.91515,-0.01375,4.6161
1,-0.95738,0.52407,-1.0201,5.1903
1,-0.99371,0.9401,-0.25845,3.2655
1,0.16782,0.0019687,0.49417,7.7263
1,0.23226,0.017205,0.12219,3.2815
1,-0.83667,0.22313,-0.37394,1.6498
1,-0.91921,0.45828,-0.30272,6.3779
1,2.2806,-1.2807,1.2255,9.4674
1,1.4204,-1.3727,-0.31724,5.7897
1,-0.72283,-0.24022,-1.0668,1.3805
1,-0.75196,1.1559,1.1696,5.962
1,-0.99328,0.699,-0.55806,4.1856
1,-0.14279,-0.28102,-0.62639,4.6389
1,1.032,-0.37773,1.2027,7.3967
1,0.6702,-0.17985,0.088601,6.7042
1,0.2483,0.017142,-0.30667,3.8463
1,0.62548,-0.14478,0.31344,5.4149
1,0.43947,-0.79123,-0.28486,6.148
1,-1.2797,0.52867,-1.009,4.9517
1,-0.57876,0.86915,0.56276,8.8268
1,-1.3261,0.78341,-0.68094,3.1604
1,-0.39094,0.87234,0.52296,7.052
1,1.3563,-0.95186,0.6224,5.6657
1,1.299,-1.066,0.31641,6.0012
1,-0.86578,0.068449,-1.1686,6.481
1,0.22344,-0.98155,-1.5447,5.8327
1,-1.0296,1.064,0.35896,8.3337
1,0.02645,-0.024939,0.34503,6.2336
1,-1.2507,1.7144,1.1718,6.0788
1,-0.79298,0.90409,-0.062697,6.2395
1,-1.5507,1.2775,-0.66724,2.2008
1,-0.73726,0.39193,-0.72366,3.4767
1,-0.54319,-0.29466,-1.2277,4.8013
1,0.073785,-1.2957,-1.5604,3.3572
1,-0.23381,-0.28155,-0.77009,1.5148
1,-1.4512,1.7302,0.99835,8.1433
1,0.069808,-1.0175,-1.1927,3.1224
1,-1.3322,2.2511,0.93194,5.0792
1,-0.17653,0.96283,1.1842,7.6823
1,1.4218,-2.6081,-2.3758,-0.52648
1,-0.49588,0.57083,0.16106,6.7765
1,-0.70324,1.1079,0.20728,6.5797
1,-2.7582,1.4282,-2.4156,3.6829
1,0.5553,-0.39493,0.21032,8.5142
1,-1.5181,1.4717,-0.76581,6.6184
1,-0.43028,-0.56957,-1.6217,2.4343
1,-0.44416,0.51685,0.060057,4.9136
1,-1.1199,1.4079,0.80924,10.563
1,-1.2064,-0.16882,-1.7258,4.7739
1,-0.70572,0.71695,-0.10065,6.6836
1,1.125,-0.44998,1.3082,7.5902
1,-0.54192,0.095275,-0.72168,6.8201
1,0.21179,-0.97471,-1.3521,1.0295
1,1.7748,-1.7717,-0.16435,5.9304
1,-0.62728,1.337,0.87269,4.8018
1,0.45256,0.84733,1.7259,7.7945
1,-0.88506,0.57041,-0.21124,6.5022
1,0.021369,0.11382,0.018455,4.6884
1,-0.99836,0.89387,0.44624,9.1375
1,0.11056,0.027365,0.13229,3.8276
1,-0.82402,1.3463,0.73584,8.8156
1,2.0635,-3.8085,-3.1211,0.10155
1,-0.76872,0.46857,-0.83078,6.1507
1,-1.9282,1.8625,-0.064084,4.3049
1,0.044665,0.60356,0.69734,8.9528
1,1.5953,-1.8268,-0.85042,6.2162
1,-0.27672,-0.15099,-0.49103,5.3099
1,-2.0205,1.1229,-0.99443,0.74375
1,1.3561,-0.44257,1.5992,6.2505
1,2.0487,-1.1544,1.1409,5.4287
1,-1.8665,0.85491,-0.91917,6.673
1,3.1448,-2.902,0.4234,8.1653
1,0.84172,-0.9045,-0.23177,3.8605
1,0.79601,-0.23274,0.76829,7.8027
1,1.1648,-1.8697,-1.2157,3.8245
1,-0.2408,-0.20325,-0.76974,6.7918
1,-0.2134,1.2969,1.5533,10.03
1,-1.3143,1.39,0.30779,4.8382
1,-0.15282,1.234,1.98,7.1938
1,-1.6149,1.9821,0.54033,6.9658
1,-1.0891,1.2278,0.37101,4.6998
1,0.69822,-0.83148,-0.055075,3.0243
1,-1.5175,1.5374,-0.15364,4.6113
1,1.866,-0.90933,1.6026,6.1172
1,0.3849,-0.30299,0.22369,7.5463
1,0.74564,-1.0945,-0.93302,6.0807
1,2.364,-2.8457,-0.39603,5.8898
1,-0.0038199,-0.12171,-0.63429,2.6216
1,-0.14546,0.56172,0.89363,9.043
1,-0.98543,-0.36561,-2.3073,1.3852
1,-1.5526,1.9329,0.57449,5.0071
1,-0.11714,0.49492,0.43519,4.2388
1,-0.27874,0.063191,0.030784,5.5846
1,-0.3034,0.79042,0.98202,5.6442
1,0.44225,-0.78365,-0.6264,2.9516
1,-0.39545,0.87419,0.40098,4.5676
1,-0.92744,-0.12043,-1.9122,2.1326
1,-0.36693,0.5585,0.089913,6.8038
1,0.43072,-0.86797,-0.56462,3.0937
1,-1.2538,1.0175,-0.21266,3.5967
1,0.92524,-1.5082,-0.69756,4.1735
1,-0.13019,0.017809,-0.17415,1.636
1,-2.0706,2.3438,0.99761,4.5128
1,0.70355,-0.97611,-0.6606,5.3792
1,1.8894,-2.8128,-1.9211,4.5241
1,-1.1178,1.245,-0.18363,3.6309
1,-0.24608,-0.074409,-0.099795,3.3839
1,0.47234,0.18914,1.342,7.1076
1,-0.023509,-0.89784,-1.3391,5.6838
1,0.23492,0.0086014,0.30113,5.3928
1,-0.67783,0.52539,-0.49338,4.4667
1,-1.4162,0.79801,-1.2739,3.9846
1,-0.78718,-0.92136,-2.7085,-0.42547
1,-0.056804,0.10888,0.051194,6.2166
1,0.72151,-1.0565,0.2139,5.8919
1,-0.80291,-0.19251,-1.8695,4.8293
1,-0.6133,-0.83268,-2.3196,3.3771
1,-0.2287,1.2329,1.1926,6.2417
1,0.71061,-0.96541,-0.4686,4.1847
1,1.4801,-0.0031041,2.1166,7.9767
1,-0.968,1.0342,0.61253,6.8384
1,1.6641,-2.7948,-1.4672,2.1795
1,-0.37413,-0.89497,-2.0332,3.6414
1,1.7821,-1.1897,0.38941,4.1841
1,0.92777,-1.7327,-0.89222,2.7062
1,1.0817,-0.083956,1.7609,10.862
1,0.74687,-0.20257,1.0382,5.114
1,-0.44274,0.3975,-0.24623,4.0078
1,-2.2727,2.9952,1.7044,6.5784
1,0.012562,-0.92299,-0.91784,7.671
1,-0.2639,0.12482,-0.27471,6.2493
1,-1.935,1.2166,-0.89864,3.7814
1,-2.1859,3.2965,1.7076,11.715
1,0.25761,-0.71954,-0.56928,6.7135
1,-0.10697,0.4819,0.86483,3.5306
1,-1.064,1.1445,0.23851,6.7216
1,0.89356,-1.0221,-0.27489,5.1575
1,0.048788,0.0026961,0.18929,4.4572
1,0.99856,-0.23214,0.81294,5.7508
1,-1.6742,1.3839,-0.75299,4.3083
1,-1.0658,0.4968,-0.85745,6.8666
1,0.60397,0.0012935,0.80245,9.4184
1,-0.66578,0.90983,0.059176,5.2259
1,-0.96499,0.64746,-0.50051,6.7315
1,0.81,-0.89916,-0.279,2.779
1,-1.6894,2.1116,0.2618,6.197
1,-0.16061,-0.0054826,-0.74007,2.0393
1,0.60972,0.73727,2.0824,8.8182
1,0.26033,-2.168,-2.8054,1.7268
1,-0.2289,-0.89623,-1.8754,0.26782
1,0.85042,-1.5412,-1.2975,2.0809
1,1.4829,-2.3741,-1.1258,2.0213
1,-0.14362,-0.41861,-0.82774,2.8174
1,0.21002,-0.30855,-0.39817,7.0155
1,1.3516,-1.324,0.083909,5.2746
1,0.31494,0.51205,0.89256,6.8729
1,0.5099,-1.3472,-1.0844,4.112
1,-0.81407,0.80488,0.4645,4.7433
1,1.7183,-1.2663,0.78429,3.4889
1,0.91336,-0.24363,0.59253,6.831
1,-1.5019,0.89183,-0.74766,2.8039
1,-1.0663,0.6701,-0.67058,5.617
1,1.6749,-1.0469,0.66238,7.7582
1,-1.0582,1.2475,0.87155,8.2009
1,0.33069,0.27213,1.1501,4.842
1,-2.018,0.91191,-1.4082,2.2469
1,0.53464,-0.49799,-0.14356,3.9563
1,0.94004,-1.3595,-0.48583,4.0054
1,-0.5157,1.6808,1.2267,9.3597
1,-1.2206,1.1515,-0.69359,6.7579
1,-1.1493,1.6514,0.44807,7.9955
1,0.2544,-0.074568,0.5442,4.2339
1,-0.20817,-0.48699,-1.2954,3.7095
1,-1.2697,1.1962,0.22521,5.0315
1,-0.065609,-0.08374,-0.45821,4.3883
1,0.26882,-0.75566,-0.66728,3.1556
1,-0.35542,0.79387,1.3674,6.3108
1,-0.50972,0.64024,0.13013,6.4688
1,1.724,-2.1145,-0.3434,4.9767
1,0.47868,-0.3609,-0.051918,2.2584
1,0.77205,0.12579,1.3002,8.2084
1,0.23242,-0.55993,-0.011171,3.2894
1,0.31655,-0.29602,-0.33532,6.2728
1,-1.0147,-0.17713,-1.6902,3.2979
1,0.2298,-0.6343,-0.25651,4.0223
1,0.90735,0.022992,0.9539,6.9979
1,-1.6376,0.97732,-0.78269,6.4009
1,-1.505,1.4024,-0.13964,2.9298
1,-0.55707,0.22074,-0.55753,7.5491
1,-2.5452,3.1744,0.64731,5.5092
1,0.10303,0.37762,1.1878,4.8003
1,-0.94837,1.0447,0.21883,5.6643
1,-0.73904,0.99382,0.78102,5.5533
1,-0.25696,0.24552,0.14505,4.4025
1,1.0083,-0.36227,1.1208,7.7784
1,0.58354,-0.15982,0.43098,8.4819
1,0.80782,-1.641,-0.6651,4.8038
1,0.1884,-0.82267,-1.0401,2.1956
1,-0.86867,0.22726,-1.0474,4.638
1,-0.32658,-0.092126,-0.80535,6.393
1,-0.093056,0.15435,0.16245,8.1823
1,-0.88767,1.011,0.60955,6.2871
1,-0.96267,1.1092,0.074696,6.6734
1,-0.18431,0.2193,0.24003,5.0874
1,-0.66098,-0.07581,-1.0863,6.0199
1,-0.48396,0.13022,-0.49672,5.9618
1,0.51997,0.069328,0.83468,5.5788
1,-1.3358,1.2305,-0.17288,6.9502
1,-0.50045,0.43147,-0.3449,4.8785
1,-0.75706,0.19816,-0.8907,3.3972
1,-0.18678,-0.11645,-0.15182,5.3907
1,1.0597,-2.0914,-1.8853,3.4879
1,1.0107,-2.2026,-1.6977,1.9379
1,-0.085316,-0.21554,-0.59033,6.0287
1,0.34161,0.26214,1.1536,9.0975
1,-0.3389,0.26523,0.3665,4.9842
1,0.66782,0.18583,1.6587,7.5782
1,0.90853,-0.8441,0.51638,5.3168
1,-0.45067,0.24791,0.49436,5.1155
1,-0.46857,0.78754,0.32781,2.6168
1,-0.27645,0.2869,0.41548,3.841
1,-3.5015,2.6734,-1.6317,3.4843
1,-0.72527,0.98001,0.92054,7.5402
1,0.3164,-1.3128,-1.5584,4.8232
1,-0.42045,0.26397,-0.56377,3.8725
1,2.2226,-1.1518,2.2401,7.2489
1,0.36801,-0.54884,-0.35272,3.9186
1,-0.99705,1.4152,0.51924,4.7341
1,0.83128,-0.28526,0.95994,5.7662
1,-1.0597,0.39754,-1.2218,3.9527
1,0.60315,-0.3714,0.56596,8.7658
1,1.6036,0.075619,2.1543,8.3531
1,0.032687,-0.15553,-0.38941,2.2234
1,0.60366,-0.57184,0.17565,3.8394
1,-1.4104,1.3205,-0.30111,7.1147
1,-0.34845,0.23584,-0.40807,2.2384
1,-0.044827,0.32693,1.1447,6.385
1,-0.038081,0.38815,0.87916,5.9939
1,2.1149,-0.85241,2.0978,7.5179
1,0.71551,-1.3707,-1.4277,-0.031701
1,-0.52945,0.42205,0.21144,7.7094
1,0.34312,0.73981,1.9534,6.1845
1,-0.31604,0.86941,0.82842,6.8947
1,0.40011,-0.66249,-0.69741,3.0596
1,-0.0048105,0.43322,0.66235,6.4797
1,1.3,-1.8936,-0.4114,7.5755
1,0.0056087,0.12853,0.019543,7.9565
1,-0.59328,0.30486,-0.90056,1.6313
1,0.82013,-0.76816,0.13054,4.3195
1,0.65787,-0.87437,-0.77062,4.2555
1,0.62217,-0.82022,-0.25545,5.3677
1,0.10376,0.65741,1.5537,7.953
1,1.6612,-1.1971,0.19771,2.5593
1,-0.5352,-0.24311,-0.93605,5.1977
1,-0.19938,-0.62912,-0.89285,5.5145
1,-0.01389,0.33223,0.38862,9.1333
1,0.03849,0.44406,0.9375,8.2195
1,1.7397,-1.5668,0.40903,4.9649
1,-0.52716,-0.32486,-1.282,5.6354
1,0.074381,-2.0595,-1.9619,2.7188
1,-1.5135,0.63294,-1.4156,1.0646
1,-0.60238,1.5348,1.6805,9.5287
1,0.38254,-0.5558,-0.51267,3.0579
1,-2.4311,1.9811,-0.83611,5.2289
1,-0.043538,0.4831,0.39239,5.8591
1,0.88942,-0.64382,0.89631,8.5965
1,0.56719,-0.69721,-0.23088,5.0427
1,-0.18707,-0.65591,-1.1469,4.5868
1,0.57642,-0.99207,-1.0425,1.0496
1,2.5204,-1.9413,0.94919,7.7122
1,0.23769,-0.58575,-0.37511,4.8998
1,-0.99186,0.40466,-1.436,2.8249
1,-1.0394,0.77934,-0.96206,3.2604
1,-1.0522,-0.069352,-1.5543,2.5272
1,-1.1676,1.8155,0.81838,6.7382
1,0.40867,0.54783,1.3668,9.5204
1,-0.058103,0.4503,0.53787,7.4612
1,0.48695,-0.22106,-0.53519,5.9164
1,0.57952,-0.83151,-0.37504,1.6479
1,0.86872,0.69281,2.1994,11.211
1,-0.39949,0.9413,0.77217,6.4646
1,-0.0084856,-1.1953,-1.4214,1.5249
1,0.23346,-0.40013,-0.57838,3.692
1,1.1314,-0.12724,1.2731,6.3771
1,0.20672,0.38856,0.8889,7.1491
1,-0.5408,0.89529,0.54348,3.56
1,0.3747,-0.39726,0.23598,8.1448
1,0.15068,-1.128,-1.6397,3.5264
1,0.07488,0.053565,-0.22515,1.6316
1,0.51215,-1.7741,-2.1192,4.57
1,0.9558,-0.19058,1.0617,6.4904
1,0.15026,-0.54062,-0.44797,2.5958
1,0.19555,1.2635,2.0256,7.7075
1,0.50641,-0.45102,0.39399,7.1029
1,0.32746,-0.12888,-0.22222,7.4491
1,1.0986,-1.8313,-0.42418,4.6758
1,-0.66332,-0.0091455,-0.88726,5.0235
1,-0.19781,0.56813,0.30757,5.1406
1,1.3023,-0.7417,0.84678,7.0891
1,-0.096435,0.61503,0.67898,4.436
1,1.5803,-1.4617,0.062252,7.2192
1,0.01649,-0.27724,-0.62141,1.908
1,1.682,-1.4243,1.3523,5.3139
1,0.22478,-0.31257,0.15114,7.6502
1,-0.57915,0.55411,-0.47804,3.9981
1,0.75518,-0.7493,-0.064958,7.83
1,-0.19154,-0.42154,-1.316,4.5798
1,-0.55836,0.6025,-0.074108,6.2473
1,-1.6863,1.0381,-0.67149,4.6218
1,1.1937,-1.569,-0.23078,3.018
1,0.57875,-0.72415,-0.46851,5.2291
1,-0.64288,1.1628,0.92803,6.5255
1,-0.022848,0.40781,0.47728,7.1624
1,0.01709,0.021797,0.040846,2.8865
1,-1.0924,1.4925,0.93088,9.0326
1,-0.74254,-0.54031,-2.1261,4.5108
1,0.31548,0.0034894,0.69956,4.033
1,-1.7516,1.5538,-0.72324,5.5681
1,-0.48406,-0.51181,-1.0684,0.50679
1,0.19512,-0.6435,-1.0751,3.0225
1,-0.22798,1.0551,1.5238,8.4652
1,0.68416,0.48845,1.8375,7.8222
1,-0.046968,0.20705,0.27853,7.2886
1,-1.6553,0.49707,-1.1609,0.16058
1,0.66772,0.2917,0.97819,5.2095
1,1.9094,-1.7697,0.50671,4.0666
1,0.7208,0.20375,1.3527,7.2239
1,-0.78081,1.0821,0.56903,7.7751
1,0.053873,1.4423,2.2687,8.6743
1,0.0056988,0.39941,0.64147,5.0432
1,-0.79825,1.532,0.60124,6.7583
1,0.086018,-0.85691,-1.3201,1.1411
1,1.9361,-1.2396,0.891,4.6474
1,-0.40003,0.38636,0.050107,6.8558
1,0.87748,-1.6048,-1.1528,2.7831
1,-1.3243,0.64686,-1.0622,4.0706
1,-1.2507,1.4382,0.29481,7.777
1,-0.48259,0.20652,-0.5622,3.0123
1,-0.50124,-0.44248,-1.4899,1.6579
1,-0.93824,-0.033682,-1.3715,1.2364
1,1.1477,-0.57613,0.50432,8.6174
1,-0.1308,0.51416,0.48738,8.8751
1,-1.3343,1.2511,-0.030103,4.0169
1,1.3429,-0.24469,1.8813,7.5479
1,0.1397,-0.07714,0.019999,3.6307
1,-0.91214,0.12787,-0.96985,3.561
1,-0.28382,0.29821,0.67144,6.2081
1,-1.1797,0.62543,-0.77064,3.6061
1,-1.5805,1.6868,-0.0085783,4.3624
1,0.030195,-0.50011,-0.88018,1.8213
1,1.8724,-0.64603,1.7943,7.4356
1,-0.55883,-1.1765,-2.3032,2.6041
1,-0.8345,-0.47119,-1.7052,1.6502
1,0.40267,-0.6166,-0.11562,5.7623
1,2.1277,-1.4788,1.408,8.2434
1,-1.8994,0.56325,-1.3837,6.4506
1,-0.89718,0.4869,-0.49387,2.731
1,-0.081627,0.49285,0.67537,3.7149
1,0.040151,-0.25859,0.29262,6.675
1,0.067078,0.60254,0.5854,7.6176
1,0.07079,0.12655,0.51774,9.6288
1,-1.1433,1.1613,0.11721,5.1278
1,0.39961,-0.65147,-0.37665,6.0978
1,1.504,-1.6138,-0.084504,3.9324
1,-0.66658,1.8098,1.6377,7.7646
1,-0.54125,0.98362,0.98785,6.368
1,-0.94914,0.90013,-0.16468,2.897
1,-1.7063,1.1921,-1.2184,0.70983
1,0.7172,-0.52802,0.4618,7.5203
1,0.24537,-0.11634,-0.3979,7.7719
1,0.88258,-1.5113,-1.0427,4.8362
1,-0.86749,0.40258,0.11974,6.5666
1,0.77364,0.35846,1.4668,6.0583
1,-0.7361,0.29517,-0.94287,3.4556
1,-1.1027,0.52434,-0.77102,2.5449
1,0.35438,-1.1506,-0.8462,5.7556
1,-0.87373,1.394,0.86049,4.8919
1,-0.27613,-0.48537,-1.3032,5.3043
1,-1.3055,1.0564,-0.47832,5.4599
1,0.80979,-2.2172,-1.9279,0.3805
1,1.9852,-2.2414,-0.48415,6.0617
1,0.63898,-0.53837,-0.12883,6.0913
1,-0.27294,0.14901,-0.11183,4.4977
1,0.55077,0.1339,0.89872,6.7981
1,-0.5263,-0.81011,-2.0868,-0.18098
1,0.82642,-1.0997,-0.42381,2.3357
1,-0.042975,-0.73499,-1.2926,1.6118
1,-0.66058,3.3584e-05,-0.29003,5.4703
1,-1.8085,0.77671,-1.6556,0.97816
1,0.5932,0.034958,1.1524,7.3005
1,0.80458,-0.10863,1.7318,8.9761
1,-0.097736,-0.15875,-0.45578,2.3403
1,-1.3247,2.2954,1.5148,9.581
1,1.2288,-0.46982,1.2956,8.9569
1,-1.7848,1.1158,-1.0012,3.5559
1,-0.36664,-0.31047,-0.46522,6.1244
1,-0.069735,0.5477,0.89014,5.3999
1,-0.082266,0.79676,1.5913,6.1357
1,2.6945,-2.5517,-0.062263,7.478
1,-0.31717,0.019237,-0.43707,1.7441
1,0.2588,0.032117,0.58456,4.8064
1,-0.97498,1.3429,0.57011,8.9743
1,-0.96598,1.1141,0.22164,2.8931
1,-0.81804,-0.31266,-1.8845,1.5249
1,0.091186,-0.10529,0.19049,6.7855
1,-0.12925,0.42798,-0.1441,6.4355
1,0.0051695,-0.52544,-0.82671,3.1562
1,-0.030996,-1.3457,-1.8225,3.7999
1,-0.62745,0.81115,-0.10987,5.3024
1,-0.79723,-0.11254,-1.8507,4.7187
1,-0.18287,1.3258,1.9643,7.8948
1,-0.87843,-1.048,-2.7787,1.7928
1,3.0856,-2.797,0.1341,5.7475
1,0.29247,-0.068642,0.088883,9.2853
1,0.88672,-0.57843,0.39063,5.5768
1,-0.54566,0.75182,-0.26271,4.1597
1,-0.81933,0.49351,-0.30525,4.6939
1,1.069,-1.0759,0.11897,4.4682
1,-1.8629,2.2137,0.70447,6.012
1,-0.48067,0.12344,-0.85669,2.0001
1,0.68473,-0.33376,0.55683,7.8501
1,0.23422,0.32095,0.86564,8.163
1,-0.56331,1.1974,0.54013,9.1641
1,-1.5945,0.72234,-1.3439,2.8932
1,-1.3888,0.49907,-1.1259,1.7672
1,1.2785,-1.6877,-0.49913,1.0487
1,0.31895,-0.18044,-0.086263,2.6441
1,-0.97649,0.96469,0.20162,6.071
1,0.63469,-0.99381,-0.80823,6.3827
1,-0.45786,0.78176,0.39245,6.637
1,0.6254,1.2222,2.1949,9.5736
1,-2.2675,1.9402,-0.1158,6.8387
1,-1.1416,2.4844,2.1214,8.0577
1,-0.66779,1.3125,0.8829,4.0915
1,-1.5167,-0.28316,-3.0501,-1.7761
1,0.45953,-0.48423,-0.14864,3.3402
1,0.78361,-1.1349,-0.67889,6.2895
1,-1.1907,-0.68053,-2.8394,2.0388
1,-1.3588,1.7912,0.58373,4.6284
1,-0.30879,1.2555,1.2123,8.3658
1,0.87409,-0.84907,-0.26934,4.7185
1,-1.7617,1.2517,-1.1367,3.8233
1,0.93992,-0.687,0.98685,6.8181
1,0.93583,-0.37311,0.4026,8.5324
1,0.98613,-0.78114,-0.29967,5.21
1,-0.4246,0.56983,0.42953,7.429
1,0.58522,0.25651,0.2154,8.0899
1,-0.78651,0.74778,0.068872,7.8316
1,-1.2043,0.56162,-0.68149,6.3391
1,-1.9358,1.5211,-0.53666,6.0317
1,-0.60411,0.16533,0.21882,7.4764
1,-0.78492,0.27185,-0.85807,6.2201
1,-0.031408,-0.64671,-0.98893,2.2819
1,1.4124,-2.3566,-1.6177,3.2463
1,0.93897,-0.41824,0.97559,6.1504
1,-0.78348,0.19649,-1.3116,1.9652
1,1.5798,-0.76621,0.70078,9.1916
1,0.97072,-0.60045,1.0598,7.6369
1,0.8964,-0.51043,0.63859,5.3264
1,0.93623,0.082611,1.1851,4.6123
1,0.80209,0.44666,1.7169,6.8434
1,-0.74306,-0.5679,-2.41,2.8016
1,-1.3966,1.6602,0.34115,6.1633
1,-0.30183,0.55174,-0.34184,4.302
1,-0.27961,-0.57222,-1.5275,-0.24215
1,1.6029,-1.9485,-0.5086,6.9179
1,-0.40513,0.48891,0.049882,3.6878
1,0.87011,-2.6587,-2.7848,0.94209
1,-0.38232,0.076636,-0.38759,7.5249
1,-1.0365,-0.58799,-2.4607,0.25877
1,-1.1998,0.053876,-1.7358,1.0743
1,0.8381,-0.096562,0.75043,6.4795
1,0.21544,-0.67745,-0.76409,3.6935
1,0.029888,0.044585,0.49056,8.7357
1,0.81859,-0.29163,0.5755,6.334
1,-0.60946,0.57597,-0.18739,6.3677
1,1.3625,-0.86236,0.44017,7.3285
1,-1.0053,0.20146,-1.2717,4.3032
1,-0.83887,0.6466,-0.4899,4.2239
1,2.4136,-2.601,-0.49717,5.3117
1,0.57317,-1.656,-1.3463,4.488
1,0.76696,-0.72184,-0.38593,6.3934
1,-0.69206,0.98395,0.65385,8.0807
1,1.2072,-1.892,-0.80995,2.0095
1,-1.5871,1.5204,0.12706,6.4758
1,-0.10871,-0.28224,-0.35548,4.475
1,-0.37765,0.37878,-0.079745,4.9792
1,-0.13655,0.44422,0.22769,4.1355
1,0.22205,-0.21663,0.21473,7.0467
1,0.50937,-1.2393,-0.71377,1.6135
1,-1.2073,1.3065,0.43616,6.7383
1,-1.4643,0.3786,-0.99259,0.52348
1,-0.35071,-0.38036,-1.0152,4.9333
1,-0.29123,0.1338,-0.2352,2.7669
1,0.01466,0.7721,1.6806,5.6902
1,-0.38161,-0.20228,-0.58555,5.8231
1,-1.159,1.2485,0.033496,5.2771
1,0.83367,-0.15047,0.60988,6.2326
1,0.40803,0.71453,1.8516,7.1134
1,-1.4994,1.3166,-0.023571,3.4037
1,0.60167,-0.12684,1.2202,7.5821
1,1.0166,-0.83774,0.10681,4.8218
1,-1.0427,0.19848,-0.89438,2.6614
1,0.79357,-0.15081,1.205,6.7429
1,-1.3627,1.801,0.63567,4.5368
1,0.23394,0.45586,1.1438,8.2683
1,-0.4107,0.23625,0.00076478,3.3427
1,-0.59208,0.15103,-0.20894,5.6508
