-14.394
-11.919
-16.388
-3.3154
-11.716
-2.9948
-15.293
-9.6334
-9.6622
-3.9143
-12.7
-15.956
-11.284
-9.4555
-11.879
-0.30244
-2.4784
-13.8
-11.516
-9.1896
-6.6955
-11.064
-7.2215
-14.372
-13.606
-16.142
-2.2724
-10.486
-7.0135
-12.741
-12.031
-15.278
-17.979
-13.368
-18.925
-10.609
-15.562
-7.0408
-6.7133
-15.512
-8.3198
-14.872
-6.0779
-8.9449
-14.966
-4.5258
-11.813
-14.97
-12.902
-5.2431
-12.674
-13.253
-8.6218
-14.241
-9.6237
-10.997
-5.3164
-13.286
-11.194
-15.971
-8.9895
-6.8225
-9.3071
-4.0605
-0.83705
-6.2869
-7.1162
-15.927
-8.7644
-16.233
-16.458
-2.6723
-12.364
-8.7524
-11.589
-14.68
-7.8783
-14.024
-11.067
-13.836
-15.364
-11.135
-9.7852
-8.1774
-8.537
-8.6565
-15.886
-13.366
-15.389
-15.621
-12.059
-13.738
-11.211
-13.585
-15.113
-10.979
-17.004
-9.3781
-12.702
-13.722
-14.422
-12.752
-15.32
-7.4063
-2.7211
-8.0443
-12.839
-5.4212
-16.331
-8.0749
-14.237
-11.872
-12.035
-12.636
-11.39
-5.2824
-13.329
-11.524
0.71972
-8.1936
-6.6134
-6.8376
-9.9079
-10.968
-17.656
-6.3009
-4.0595
-12.913
-7.876
-7.1658
-11.187
-8.1906
-9.6509
-12.66
-1.8627
-11.954
-13.655
-12.558
-13.262
-3.37
-6.2579
-9.9537
-11.255
-17.487
-6.4036
-1.8387
-12.374
-16.278
-14.984
-12.708
-14.439
-8.7707
-9.8169
-3.5245
-3.9266
-6.6962
-6.59
-7.0109
-8.1034
-9.6178
-7.4177
-4.6412
-6.9777
-14.933
-9.9947
-7.6499
-9.4561
-13.037
-8.3521
-10.529
-11.22
-6.7903
-4.3504
-10.128
-5.6545
-15.452
-16.765
-15.571
-12.244
-15.446
-13.251
-14.366
-6.6063
-11.481
-9.1457
-11.08
-5.1782
-10.038
-12.299
-6.4966
-15.596
-6.5972
-4.4262
-14.534
-14.914
-12.1
-3.6223
-10.566
-9.7225
-11.377
-12.865
-13.056
-8.1156
-9.8642
-13.955
-11.326
-17.719
-7.767
-13.487
-9.8857
-11.272
-15.076
-13.617
-17.438
-12.909
-10.643
-13.725
-4.7497
-8.1704
-12.438
-8.2513
-3.2792
-15.276
-7.2176
-6.9232
-12.614
0.40508
-13.445
-12.537
-9.0547
-17.142
-14.862
-6.6082
-9.6016
-19.857
-13.278
-14.771
-12.227
-16.155
-3.2733
-11.811
-8.2275
-10.33
-14.837
-8.9401
-18.567
-7.5128
-16.761
-0.40015
-14.425
-9.3981
-16.092
-12.636
-12.001
-1.6561
-8.9068
-6.9787
-16.091
-13.852
-7.7424
-14.393
-9.8238
-15.59
-17.153
-9.806
-10.382
-13.547
-9.5448
-5.994
-10.492
-8.3762
-15.499
-13.847
-10.906
-5.674
-17.566
-3.8277
-10.439
-7.6856
-12.222
-10.967
-6.3904
-8.1449
-4.9197
-13.945
-7.1982
-7.4055
-9.4572
-3.7336
-7.766
-11.778
-9.8134
-7.8148
-7.1966
-12.097
-14.179
-9.8762
-10.583
-10.131
-0.35454
-12.702
-11.517
-13.202
-10.154
-9.7556
-8.8699
-10.246
-14.217
-4.6799
-10.998
-6.3026
-6.2026
-17.476
-7.8206
-8.037
-10.586
-16.49
-12.886
-8.9845
-20.089
-14.464
-6.6379
-14.647
-10.676
-9.4173
-10.076
-10.084
-16.271
-17.215
-11.181
-15.381
-5.4726
-11.641
-4.5568
-13.519
-5.6942
-0.95969
-4.4738
-3.7259
-6.7487
-15.187
-9.9391
-11.991
-10.183
-9.6772
-5.1931
-13.183
-6.4768
-12.069
-14.129
-16.185
-8.0616
-5.621
-7.6734
-8.0713
-16.038
-15.356
-15.535
-7.8266
-8.9771
-11.166
-9.5874
-6.9731
-11.227
-12.505
-9.8058
-4.3053
-13.262
-6.6484
-13.759
-9.3258
-9.3187
-11.636
-15.159
-6.0851
-16.783
-8.8603
-8.0256
-12.011
-10.389
-8.5544
-13.55
-16.492
-11.071
-5.4672
-11.171
-14.518
-16.371
-11.847
-14.63
-9.837
-14.622
-13.217
-8.9602
-15.526
-10.991
-8.3187
-11.629
-8.3969
-4.1823
-13.805
-16.859
-9.8594
-11.95
-9.6358
-10.581
-5.0153
-7.432
-6.3911
-14.857
-11.856
-8.0253
-10.106
-8.0653
-8.7114
-9.2875
-9.7565
-17.127
-11.03
-4.742
-7.4654
-15.309
-5.1541
-10.946
-11.196
-10.047
-0.17483
-16.563
-8.5052
-12.253
-6.7212
-11.907
-15.633
-16.225
-3.7814
-7.9179
-9.6344
-11.722
-13.952
-3.8691
-13.404
-13.377
-18.17
-16.103
-8.2181
-13.666
-7.9628
-2.5452
-17.247
-7.041
-11.377
-11.897
-16.126
-10.452
-11.494
-2.4486
-12.18
-10.785
-6.3567
-7.8885
-5.6737
-11.697
-16.998
-15.114
-12.716
-3.2136
-17.54
-11.232
-3.8605
-8.4475
-10.149
-12.894
-6.4984
-16.887
-8.1147
-3.3966
-11.32
-11.907
-5.3454
-11.144
-14.389
-15.533
-9.8944
-12.716
-9.8057
-12.037
-8.6259
-13.158
-4.1134
-8.0962
-16.041
-8.9429
-15.972
-11.696
-13.393
-10.285
-5.8721
-11.02
-10.922
-14.378
-5.7964
-17.345
-10.906
-7.2876
-11.742
-1.8112
-7.265
-14.633
-11.418
-14.848
-1.2857
-7.9195
-6.3863
-11.598
-14.668
-12.014
-8.9974
-12.84
-2.8367
-6.6769
-14.379
-6.913
-10.245
-16.033
-7.3808
-4.4547
-3.4173
-16.379
-17.169
-8.1465
-10.402
-7.4164
-8.276
-11.115
-9.1884
-9.2491
-4.0768
-9.9528
-6.6874
-5.375
-12.33
-13.822
-15.79
-5.9815
-6.7695
-14.31
-14.648
-18.651
-10.647
-13.235
-6.7183
-12.511
-11.346
-6.2052
-1.5811
-14.026
-16.124
-9.8025
-15.413
-9.1829
-8.2986
-5.9291
-13.682
-8.2905
-13.323
-12.195
-1.0766
-11.908
-12.651
-9.5412
-12.163
-0.35179
-4.854
-4.7079
-12.606
-3.1918
-12.02
-15.132
-5.3103
-16.632
-14.972
-8.17
-14.352
-9.0045
-9.9303
-13.884
-3.8349
-8.2306
-17.475
-5.7496
-3.5941
-14.581
-14.256
-6.7939
-10.229
-11.438
-12.295
-12.977
-5.0135
-9.0684
-18.41
-10.404
-9.3519
-11.182
-9.5091
-12.646
-4.4833
-15.215
-13.594
-16.614
-8.4252
-5.6562
-1.6576
-4.9606
-11.389
-13.677
-11.775
-12.563
-14.703
-11.005
-5.7172
1.4546
-7.0327
-13.131
-8.8709
-7.9487
-13.502
-9.7191
-9.5141
-10.64
-15.304
-8.8481
-14.695
-14.163
-16.632
-15.497
-13.095
-15.783
-15.06
-5.5207
-6.9256
-10.423
-4.86
-16.136
-13.962
-9.7479
-6.1634
-9.2801
-8.2557
-11.715
-8.6473
-0.079831
-13.467
-7.6114
-2.436
-15.642
-1.3928
-2.8449
-10.475
-7.9896
-17.29
-10.623
-13.43
-12.919
-10.686
-9.0878
-9.3756
-11.592
-12.269
-15.355
-4.002
-13.982
-11.528
-11.69
-8.9648
-14.647
-3.5399
-14.002
-1.6203
-11.35
-5.9912
-8.8251
-13.786
-10.455
-10.405
-10.156
-6.9881
-12.547
-9.1058
-7.3509
-11.821
-7.87
-14.296
-6.874
-11.351
